step,x,y,x_velocity,y_velocity,target_distance,action,reward,cumulative_reward
0,340.34866,109.22276,1.4467609,0.3124413,0.0,4,0,0
1,341.7918,109.552376,1.4431288,0.32961422,0.0,4,0,0
2,343.23117,109.89914,1.4393659,0.34676233,0.0,4,0,0
3,344.66663,110.26302,1.4354719,0.36388567,0.0,4,0,0
4,346.09808,110.64401,1.4314466,0.38098437,0.0,4,0,0
5,347.52536,111.04207,1.42729,0.39805847,0.0,4,0,0
6,348.94836,111.45718,1.4230018,0.41510814,0.0,4,0,0
7,350.36694,111.88931,1.4185817,0.4321334,0.0,4,0,0
8,351.78098,112.33845,1.4140297,0.44913435,0.0,4,0,0
9,353.19034,112.80456,1.4093454,0.46611106,0.0,4,0,0
10,354.59485,113.28762,1.4045284,0.48306355,0.0,4,0,0
11,355.99445,113.78761,1.3995786,0.4999919,0.0,4,0,0
12,357.38895,114.30451,1.3944954,0.5168961,0.0,4,0,0
13,358.7782,114.83829,1.3892787,0.5337763,0.0,4,0,0
14,360.16214,115.388916,1.3839278,0.5506324,0.0,4,0,0
15,361.5406,115.95638,1.3784424,0.5674645,0.0,4,0,0
16,362.9134,116.54066,1.3728222,0.5842725,0.0,4,0,0
17,364.28046,117.14171,1.3670665,0.60105646,0.0,4,0,0
18,365.64163,117.75953,1.3611748,0.61781645,0.0,4,0,0
19,366.9968,118.39408,1.3551466,0.6345523,0.0,4,0,0
20,368.34576,119.04534,1.3489815,0.651264,0.0,4,0,0
21,369.68845,119.713295,1.3426787,0.6679516,0.0,4,0,0
22,371.0247,120.39791,1.3362377,0.6846149,0.0,4,0,0
23,372.35434,121.09917,1.3296577,0.7012539,0.0,4,0,0
24,373.67728,121.81703,1.3229381,0.71786857,0.0,4,0,0
25,374.99338,122.55149,1.3160782,0.7344587,0.0,4,0,0
26,376.30243,123.30251,1.3090771,0.75102425,0.0,4,0,0
27,377.60437,124.07008,1.3019345,0.767565,0.0,4,0,0
28,378.89902,124.854164,1.2946491,0.784081,0.0,4,0,0
29,380.18625,125.65473,1.2872204,0.8005719,0.0,4,0,0
30,381.46588,126.47177,1.2796474,0.81703764,0.0,4,0,0
31,382.73782,127.30525,1.2719291,0.833478,0.0,4,0,0
32,384.0019,128.15514,1.2640648,0.84989274,0.0,4,0,0
33,385.25793,129.02142,1.2560534,0.8662817,0.0,4,0,0
34,386.50583,129.90407,1.2478942,0.8826446,0.0,4,0,0
35,387.74542,130.80305,1.2395859,0.8989812,0.0,4,0,0
36,388.97656,131.71834,1.2311275,0.91529125,0.0,4,0,0
37,390.19907,132.64992,1.222518,0.9315744,0.0,4,0,0
38,391.4128,133.59775,1.2137562,0.94783044,0.0,4,0,0
39,392.61768,134.5618,1.2048411,0.9640589,0.0,4,0.002073645056906881,0.002073645056906881
40,393.81345,135.54207,1.1957716,0.9802595,0.0020736451,4,0.010527664412517734,0.012601309469424615
41,394.99997,136.5385,1.1865462,0.9964318,0.010527665,4,0.019034479199416254,0.03163578866884087
42,396.17715,137.55107,1.1771638,1.0125755,0.019034479,4,0.02759430389478723,0.0592300925636281
43,397.34476,138.57976,1.1676233,1.0286902,0.027594304,4,0.03620735552147858,0.09543744808510668
44,398.5027,139.62454,1.1579231,1.0447752,0.036207356,4,0.0448738536338108,0.14031130171891748
45,399.65076,140.68536,1.148062,1.0608304,0.044873852,4,0.053594020301631295,0.19390532202054878
46,400.7888,141.76222,1.1380388,1.076855,0.05359402,4,0.062368080092430556,0.25627340211297933
47,401.91666,142.85507,1.1278517,1.0928485,0.06236808,4,0.07119626005133284,0.32746966216431217
48,403.03415,143.96388,1.1174995,1.1088105,0.07119626,4,0.08007878967874926,0.40754845184306143
49,404.1411,145.08862,1.1069807,1.1247404,0.08007879,4,0.08901590090546341,0.49656435274852484
50,405.23743,146.22926,1.0962937,1.1406374,0.0890159,4,0.09800782806490438,0.5945721808134292
51,406.32285,147.38576,1.0854369,1.156501,0.09800783,4,0.10705480786233368,0.7016269886757629
52,407.39728,148.55809,1.0744089,1.1723305,0.10705481,4,0.11615707934064878,0.8177840680164117
53,408.46048,149.74622,1.0632079,1.1881251,0.11615708,4,0.12531488384247946,0.9430989518588911
54,409.5123,150.9501,1.0518322,1.2038842,0.12531488,4,0.13452846496822168,1.077627416827113
55,410.55258,152.16971,1.0402801,1.2196071,0.13452846,4,0.1437980685296153,1.2214254853567281
56,411.58115,153.405,1.0285499,1.2352927,0.14379807,4,0.15312394249843897,1.374549427855167
57,412.59778,154.65594,1.0166397,1.2509402,0.15312394,4,0.16250633694984662,1.5370557648050136
58,413.60233,155.92249,1.0045477,1.2665489,0.16250634,4,0.17194550399982467,1.7090012688048382
59,414.5946,157.2046,0.992272,1.2821177,0.1719455,4,0.18144169773619234,1.8904429665410305
60,415.5744,158.50226,0.97981066,1.2976457,0.1814417,4,0.19099517414250655,2.081438140683537
61,416.54156,159.81538,0.96716166,1.3131318,0.19099517,4,0.20060619101416421,2.2820443316977013
62,417.49588,161.14395,0.95432305,1.328575,0.2006062,4,0.21027500786591602,2.4923193395636174
63,418.4372,162.48793,0.94129276,1.3439742,0.21027501,4,0.22000188582991553,2.712321225393533
64,419.36526,163.84726,0.9280686,1.3593282,0.22000189,4,0.22978708754333022,2.9421083129368633
65,420.2799,165.2219,0.9146485,1.3746357,0.22978708,4,0.23963087702442376,3.181739189961287
66,421.18094,166.61179,0.9010301,1.3898956,0.23963088,4,0.24953351953589187,3.431272709497179
67,422.06815,168.01689,0.8872113,1.4051064,0.24953352,4,0.25949528143408374,3.690767990931263
68,422.9413,169.43716,0.87318975,1.4202669,0.2594953,4,0.2695164300025734,3.9602844209338364
69,423.8003,170.87254,0.8589631,1.4353756,0.26951644,4,0.2795972332683504,4.239881654202187
70,424.64484,172.32297,0.8445289,1.4504309,0.27959722,4,0.28973795979867467,4.529619614000862
71,425.4747,173.7884,0.8298847,1.4654312,0.28973797,4,0.29993887847638745,4.82955849247725
72,426.28973,175.26878,0.8150281,1.4803752,0.2999389,4,0.31020025825117126,5.139758750728421
73,427.0897,176.76404,0.7999563,1.4952608,0.31020024,4,0.3205223678639054,5.460281118592326
74,427.87436,178.27412,0.78466696,1.5100867,0.32052237,4,0.3309054755408717,5.791186594133198
75,428.64352,179.79898,0.7691573,1.5248506,0.33090547,4,0.34134984865409623,6.132536442787295
76,429.39694,181.33853,0.7534246,1.5395508,0.34134984,4,0.35185575334357067,6.484392196130866
77,430.1344,182.89272,0.7374661,1.5541853,0.35185575,4,0.36242345409646537,6.846815650227331
78,430.85568,184.46147,0.7212789,1.568752,0.36242345,4,0.3730532132777,7.219868863505031
79,431.56055,186.04471,0.70486027,1.5832489,0.37305322,4,0.3837452906053571,7.603614154110388
80,432.24875,187.64238,0.68820715,1.5976734,0.38374528,4,0.3944999425633904,7.9981140966737785
81,432.92007,189.25441,0.67131656,1.6120236,0.39449993,4,0.4053174217428457,8.403431518416625
82,433.57425,190.8807,0.65418553,1.6262966,0.40531743,4,0.4161979761013468,8.819629494517972
83,434.21106,192.5212,0.63681084,1.6404904,0.416198,4,0.4271418481288508,9.246771342646824
84,434.83026,194.1758,0.61918944,1.6546019,0.42714185,4,0.4381492739055778,9.684920616552402
85,435.43158,195.84442,0.601318,1.6686287,0.43814927,4,0.4492204820354918,10.134141098587893
86,436.01477,197.527,0.5831933,1.6825678,0.44922048,4,0.460355692435664,10.594496791023557
87,436.5796,199.22342,0.56481194,1.6964163,0.4603557,4,0.47155511495813474,11.066051905981691
88,437.12576,200.93358,0.5461706,1.7101709,0.4715551,4,0.4828189478163879,11.548870853798078
89,437.653,202.65741,0.5272657,1.7238287,0.48281896,4,0.4941473757830117,12.04301822958109
90,438.1611,204.39479,0.5080939,1.7373862,0.4941474,4,0.5055405681183276,12.548558797699418
91,438.64975,206.14565,0.48865148,1.7508401,0.50554055,4,0.5169986761813563,13.065557473880773
92,439.11868,207.90982,0.46893483,1.7641866,0.51699865,4,0.5285218306640452,13.594079304544818
93,439.56763,209.68724,0.44894025,1.7774221,0.52852184,4,0.5401101383766249,14.134189442921443
94,439.9963,211.47778,0.428664,1.7905427,0.5401101,4,0.5517636784955624,14.685953121417006
95,440.4044,213.28134,0.40810224,1.8035443,0.55176365,4,0.563482498164849,15.249435619581854
96,440.79166,215.09776,0.38725114,1.8164226,0.5634825,4,0.5752666073149924,15.824702226896846
97,441.15775,216.92693,0.3661067,1.8291734,0.5752666,4,0.5871159725303301,16.411818199427177
98,441.5024,218.76872,0.344665,1.8417921,0.58711594,4,0.5990305097517746,17.01084870917895
99,441.82535,220.623,0.32292193,1.854274,0.5990305,4,0.6110100755456,17.62185878472455
100,442.12622,222.48961,0.30087343,1.8666142,0.6110101,4,0.6230544565949679,18.24491324131952
101,442.40472,224.36842,0.27851534,1.8788074,0.62305444,4,0.6351633569733703,18.880076598292888
102,442.66058,226.25926,0.25584346,1.8908485,0.63516337,4,0.6473363826294392,19.52741298092233
103,442.89343,228.162,0.2328535,1.902732,0.64733636,4,0.6595730223383538,20.18698600326068
104,443.10297,230.07645,0.20954119,1.914452,0.659573,4,0.6718726241388979,20.85885862739958
105,443.28888,232.00246,0.18590215,1.9260026,0.6718726,4,0.6842343659516473,21.543092993351227
106,443.4508,233.93983,0.16193199,1.9373776,0.6842344,4,0.6966572186256034,22.23975021197683
107,443.58844,235.8884,0.13762628,1.9485705,0.69665724,4,0.709139899032486,22.948890111009316
108,443.70142,237.84798,0.11298052,1.9595748,0.7091399,4,0.7216808099364265,23.670570920945742
109,443.7894,239.81836,0.08799022,1.9703833,0.7216808,4,0.7342779620843399,24.404848883030084
110,443.85205,241.79935,0.062650815,1.9809889,0.73427796,4,0.7469288720903218,25.151777755120406
111,443.889,243.79073,0.03695774,1.9913839,0.7469289,4,0.7596304269120807,25.91140818203249
112,443.89993,245.7923,0.010906403,2.0015607,0.75963044,4,0.7723787015329252,26.683786883565414
113,443.8844,247.8038,-0.015507815,2.011511,0.7723787,4,0.7851687100383172,27.46895559360373
114,443.84213,249.82503,-0.04228954,2.0212264,0.7851687,4,0.7979940602177917,28.266949653821523
115,443.77267,251.85573,-0.0694434,2.0306983,0.7979941,4,0.8108464657410994,29.077796119562624
116,443.6757,253.89565,-0.09697403,2.0399172,0.81084645,4,0.8237150436566558,29.90151116321928
117,443.5508,255.94452,-0.12488605,2.0488741,0.82371503,4,0.8365852808975062,30.738096444116785
118,443.39764,258.00208,-0.15318407,2.0575588,0.8365853,4,0.8494374777568132,31.587533921873597
119,443.21576,260.06805,-0.18187268,2.065961,0.8494375,4,0.8622443427022758,32.44977826457587
120,443.0048,262.14212,-0.21095641,2.0740702,0.86224437,4,0.8749671710451592,33.324745435621026
121,442.76437,264.224,-0.24043977,2.0818753,0.87496716,4,0.8875495920538994,34.21229502767493
122,442.49405,266.31335,-0.2703272,2.089365,0.8875496,4,0.8999070280395084,35.112202055714434
123,442.19342,268.40988,-0.30062312,2.096527,0.89990705,4,10,45.112202055714434
