step,x,y,x_velocity,y_velocity,target_distance,action,reward,cumulative_reward
0,235.40057,173.85577,1.55082,-0.7807577,0.0,4,0,0
1,236.96654,173.10458,1.5659665,-0.75118107,0.0,4,0,0
2,238.54729,172.38318,1.5807565,-0.7214065,0.0,4,0,0
3,240.14249,171.69174,1.5951899,-0.6914332,0.0,4,0,0
4,241.75175,171.03049,1.6092662,-0.66126007,0.0,4,0,0
5,243.37474,170.3996,1.6229843,-0.6308862,0.0,4,0,0
6,245.01108,169.79929,1.6363435,-0.6003104,0.0,4,0,0
7,246.66042,169.22975,1.6493428,-0.5695313,0.0,4,0,0
8,248.3224,168.69121,1.6619805,-0.5385478,0.0,4,0,0
9,249.99666,168.18385,1.6742554,-0.50735843,0.0,4,0,0
10,251.68282,167.70789,1.6861655,-0.47596163,0.0,4,0,0
11,253.38052,167.26353,1.6977088,-0.44435593,0.0,4,0,0
12,255.08942,166.851,1.7088833,-0.4125397,0.0,4,0,0
13,256.8091,166.47049,1.7196864,-0.38051122,0.0,4,0,0
14,258.5392,166.12222,1.7301154,-0.34826875,0.0,4,0,0
15,260.2794,165.80641,1.7401674,-0.31581044,0.0,4,0,0
16,262.02924,165.52327,1.7498394,-0.28313443,0.0,4,0,0
17,263.78836,165.27303,1.7591277,-0.25023872,0.0,4,0,0
18,265.55637,165.05591,1.768029,-0.2171213,0.0,4,0,0
19,267.33292,164.87213,1.7765391,-0.18378012,0.0,4,0,0
20,269.11758,164.72192,1.7846539,-0.15021305,0.0,4,0,0
21,270.90994,164.6055,1.792369,-0.1164179,0.0,4,0,0
22,272.70963,164.5231,1.7996795,-0.08239246,0.0,4,0,0
23,274.5162,164.47498,1.8065804,-0.04813445,0.0,4,0,0
24,276.32925,164.46133,1.8130664,-0.013641564,0.0,4,0,0
25,278.1484,164.48242,1.8191317,0.021088542,0.0,4,0,0
26,279.97318,164.53848,1.8247705,0.056058254,0.0,4,0,0
27,281.80313,164.62975,1.8299762,0.09126998,0.0,4,0,0
28,283.63788,164.75647,1.8347423,0.12672615,0.0,4,0,0
29,285.47696,164.9189,1.8390617,0.16242921,0.0,4,0,0
30,287.3199,165.11728,1.8429271,0.19838165,0.0,4,0,0
31,289.1662,165.35187,1.8463306,0.23458593,0.0,4,0,0
32,291.01547,165.62291,1.8492641,0.27104452,0.0,4,0,0
33,292.8672,165.93068,1.8517189,0.30775994,0.0,4,0,0
34,294.7209,166.2754,1.8536861,0.3447346,0.0,4,0,0
35,296.57602,166.65738,1.8551561,0.38197097,0.0,4,0,0
36,298.43216,167.07686,1.856119,0.41947147,0.0,4,0,0
37,300.28873,167.53409,1.8565644,0.4572385,0.0,4,0,0
38,302.1452,168.02936,1.8564816,0.49527434,0.0,4,0,0
39,304.00107,168.56294,1.8558588,0.5335813,0.0,4,0,0
40,305.85574,169.1351,1.8546845,0.57216156,0.0,4,0,0
41,307.70868,169.74612,1.8529458,0.6110173,0.0,4,0,0
42,309.55933,170.39627,1.8506298,0.65015054,0.0,4,0,0
43,311.40704,171.08585,1.8477228,0.6895631,0.0,4,0,0
44,313.25125,171.8151,1.8442105,0.72925687,0.0,4,0,0
45,315.09134,172.58434,1.8400779,0.7692335,0.0,4,0,0
46,316.92664,173.39383,1.8353093,0.8094944,0.0,4,0,0
47,318.75653,174.24387,1.8298885,0.8500409,0.0,4,0,0
48,320.58032,175.13474,1.8237982,0.8908741,0.0,4,0,0
49,322.39734,176.06673,1.8170207,0.93199474,0.0,4,0,0
50,324.20688,177.04013,1.8095372,0.9734036,0.0,4,0,0
51,326.0082,178.05524,1.8013283,1.0151007,0.0,4,0,0
52,327.8006,179.11232,1.7923738,1.0570862,0.0,4,0,0
53,329.58322,180.21169,1.782652,1.0993598,0.0,4,0,0
54,331.35538,181.3536,1.7721412,1.1419204,0.0,4,0,0
55,333.11618,182.53838,1.7608179,1.184767,0.0,4,0,0
56,334.86484,183.76627,1.748658,1.2278978,0.0,4,0,0
57,336.6005,185.03758,1.7356361,1.2713104,0.0,4,0,0
58,338.3222,186.35258,1.721726,1.3150022,0.0,4,0,0
59,340.0291,187.71155,1.7069001,1.3589694,0.0,4,0,0
60,341.72025,189.11476,1.6911297,1.403208,0.0,4,0,0
61,343.39462,190.56247,1.674385,1.4477129,0.0,4,0,0
62,345.05127,192.05495,1.6566343,1.4924783,0.0,4,0,0
63,346.68912,193.59245,1.6378455,1.537497,0.0,4,0,0
64,348.3071,195.1752,1.6179845,1.5827616,0.0,4,0,0
65,349.9041,196.80347,1.5970159,1.628263,0.0,4,0,0
66,351.479,198.47746,1.5749028,1.6739906,0.0,4,0,0
67,353.0306,200.1974,1.5516067,1.7199332,0.0,4,0,0
68,354.5577,201.96347,1.5270878,1.7660773,0.0,4,0,0
69,356.05902,203.77588,1.5013044,1.8124083,0.0,4,0,0
70,357.53323,205.6348,1.4742131,1.8589098,0.0,4,0,0
71,358.979,207.54036,1.4457692,1.9055632,0.0,4,0,0
72,360.39493,209.4927,1.4159257,1.952348,0.0,4,0,0
73,361.77954,211.49194,1.3846343,1.9992411,0.0,4,0,0
74,363.1314,213.53816,1.3518444,2.0462172,0.0,4,0,0
75,364.4489,215.63141,1.3175042,2.093248,0.0,4,0,0
76,365.73047,217.77171,1.2815596,2.1403024,0.0,4,0,0
77,366.97443,219.95906,1.2439547,2.1873457,0.0,4,0,0
78,368.17905,222.19339,1.2046318,2.2343404,0.0,4,0,0
79,369.3426,224.47464,1.1635318,2.2812443,0.0,4,0,0
80,370.46317,226.80266,1.1205932,2.3280113,0.0,4,0,0
81,371.53894,229.17725,1.0757535,2.3745909,0.0,4,0,0
82,372.56787,231.59818,1.0289481,2.4209278,0.0,4,0,0
83,373.54797,234.06514,0.9801112,2.466961,0.0,4,0,0
84,374.47717,236.57776,0.92917573,2.512624,0.0,4,0,0
85,375.35324,239.1356,0.8760736,2.557844,0.0,4,0,0
86,376.17398,241.73814,0.8207357,2.6025414,0.0,4,0,0
87,376.93707,244.38477,0.7630926,2.64663,0.0,4,0,0
88,377.64014,247.07478,0.7030745,2.690015,0.0,4,0,0
89,378.28076,249.80739,0.6406122,2.732594,0.0,4,0,0
90,378.85638,252.58163,0.5756369,2.7742553,0.0,4,0,0
91,379.36447,255.39651,0.50808156,2.814878,0.0,4,0,0
92,379.80234,258.25085,0.4378809,2.8543315,0.0,4,0,0
93,380.16733,261.1433,0.3649728,2.8924737,0.0,4,0,0
94,380.45663,264.07248,0.2892988,2.9291525,0.0,4,0,0
95,380.66742,267.03668,0.21080537,2.9642034,0.0,4,0,0
96,380.79688,270.03412,0.12944506,2.9974499,0.0,4,0,0
97,380.84204,273.06284,0.045177806,3.028703,0.0,4,0.0008527925632404454,0.0008527925632404454
98,380.80002,276.12057,-0.04202747,3.0577602,0.0008527926,4,0.019864296428337203,0.020717088991577648
99,380.66782,279.205,-0.13219124,3.084407,0.019864297,4,0.038740340236027127,0.059457429227604774
100,380.4425,282.31342,-0.2253215,3.1084146,0.03874034,4,0.057434182743854034,0.11689161197145881
101,380.1211,285.44296,-0.32141173,3.1295416,0.057434183,4,0.07589405384312153,0.19278566581458034
102,379.70065,288.59048,-0.4204387,3.1475337,0.07589405,4,0.09406281659734572,0.28684848241192606
103,379.17828,291.75262,-0.52236015,3.1621242,0.09406282,4,0.11187766484622763,0.3987261472581537
104,378.55118,294.92566,-0.6271121,3.1730354,0.111877665,4,0.12926987928158062,0.5279960265397343
105,377.8166,298.10562,-0.73460656,3.1799796,0.12926988,4,0.1461646706447004,0.6741606971844347
106,376.97186,301.2883,-0.8447286,3.1826603,0.14616467,4,0.16248114477954867,0.8366418419639834
107,376.01453,304.46906,-0.9573337,3.1807756,0.16248114,0,-0.02186756980615695,0.8147742721578264
108,374.94226,307.64307,-0.5722452,3.1740198,0.17813243,0,-0.00538427925238244,0.809389992905444
109,374.25302,310.80518,-0.18925166,3.1620867,0.19461572,0,0.012003410639123635,0.8213934035445676
110,373.94647,313.9502,0.1934409,3.1450164,0.21200341,0,0.03036376105561439,0.851757164600182
111,374.02408,317.07336,0.57761973,3.1231663,0.23036376,0,0.04976182679887925,0.9015189913990613
112,374.489,320.17053,0.96492755,3.0971744,0.24976182,0,0.07025880429044268,0.971777795689504
113,375.34576,323.2384,1.3567535,3.0678825,0.2702588,0,0.09190976115215793,1.063687556841662
114,376.5999,326.27466,1.7541667,3.0362422,0.29190975,0,0.11475981448220002,1.178447371323862
115,378.2578,329.27786,2.157898,3.003221,0.31475982,0,0.13883881381548419,1.317286185139346
116,380.32617,332.2476,2.5683594,2.9697227,0.33883882,4,0.36415444599893665,1.6814406311382828
117,382.8119,335.1841,2.4856894,2.9365342,0.36415446,4,0.38900069554644334,2.070441326684726
118,385.22168,338.0884,2.409812,2.9042964,0.38900068,4,0.41340631157680985,2.483847638261536
119,387.56158,340.96146,2.3398812,2.8730419,0.4134063,4,0.43739705850964417,2.92124469677118
120,389.83676,343.80423,2.2751882,2.8427784,0.43739706,4,0.46099608818510707,3.382240784956287
121,392.05188,346.61774,2.2151337,2.8134959,0.4609961,4,0.4842242490935017,3.8664650340497886
122,394.2111,349.40292,2.159208,2.7851737,0.48422426,4,0.5071003425730369,4.3735653766228255
123,396.31808,352.1607,2.1069748,2.7577834,0.50710034,4,0.529641333600108,4.903206710222934
124,398.37613,354.892,2.0580585,2.731293,0.52964133,4,0.5518625218348374,5.455069232057771
125,400.38828,357.59766,2.0121334,2.7056675,0.55186254,4,0.5737776767958916,6.028846908853663
126,402.35718,360.27853,1.968916,2.6808715,0.5737777,4,0.5953991393023235,6.624246048155987
127,404.28534,362.9354,1.9281583,2.6568692,0.59539914,4,0.6167378894879414,7.240983937643929
128,406.175,365.56903,1.8896425,2.6336253,0.6167379,4,0.6378035795690894,7.878787517213018
129,408.02817,368.1801,1.8531761,2.6111052,0.63780355,4,0.658604526849131,8.537392044062148
130,409.84674,370.7694,1.8185889,2.589276,0.6586045,4,0.6791476587442942,9.216539702806443
131,411.63248,373.33752,1.785729,2.568106,0.67914766,4,0.6994383962290298,9.915978099035474
132,413.38693,375.88507,1.7544614,2.5475645,0.6994384,4,0.7194804538780748,10.63545855291355
133,415.1116,378.4127,1.7246647,2.5276227,0.71948045,4,0.7392755216470233,11.374734074560573
134,416.80783,380.92096,1.69623,2.5082533,0.7392755,4,0.7588227721539748,12.133556846714548
135,418.4769,383.41037,1.6690595,2.4894304,0.7588228,4,0.7781181010069841,12.911674947721531
136,420.11996,385.8815,1.6430644,2.4711292,0.7781181,0,0.5971529443098915,13.508827892031423
137,421.73813,388.33484,2.118164,2.4533265,0.79715294,4,0.8168918500967746,14.325719742128198
138,423.8324,390.77084,2.094286,2.4360003,0.81689185,4,0.8360645003824487,15.161784242510647
139,425.90387,393.1901,2.0714514,2.4192622,0.8360645,4,0.8545321515700731,16.01631639408072
140,427.95346,395.59317,2.0495872,2.403079,0.8545321,4,0.872080541247352,16.888396935328075
141,429.9821,397.9806,2.0286274,2.3874202,0.87208056,4,0.8883742637197716,17.776771199047847
142,431.99057,400.35284,2.008512,2.372257,0.88837427,4,10,27.776771199047847
