step,x,y,x_velocity,y_velocity,target_distance,action,reward,cumulative_reward
0,201.67891,477.30557,-1.2666024,-0.70905006,0.0,4,0,0
1,200.42018,476.5823,-1.2587279,-0.72325027,0.0,4,0,0
2,199.16943,475.8449,-1.2507507,-0.7373962,0.0,4,0,0
3,197.92676,475.09344,-1.2426705,-0.7514877,0.0,4,0,0
4,196.69228,474.3279,-1.2344873,-0.7655249,0.0,4,0,0
5,195.46606,473.5484,-1.2262009,-0.7795079,0.0,4,0,0
6,194.24826,472.75497,-1.2178111,-0.79343665,0.0,4,0,0
7,193.03894,471.94766,-1.2093178,-0.80731124,0.0,4,0,0
8,191.83823,471.12653,-1.2007208,-0.8211316,0.0,4,0,0
9,190.6462,470.29163,-1.1920198,-0.8348977,0.0,4,0,0
10,189.46298,469.44302,-1.1832147,-0.8486096,0.0,4,0,0
11,188.28868,468.58075,-1.174305,-0.86226726,0.0,4,0,0
12,187.1234,467.70486,-1.1652907,-0.8758706,0.0,4,0,0
13,185.96722,466.81546,-1.1561713,-0.88941956,0.0,4,0,0
14,184.82027,465.91254,-1.1469467,-0.90291405,0.0,4,0,0
15,183.68266,464.9962,-1.1376163,-0.91635406,0.0,4,0,0
16,182.55447,464.06644,-1.12818,-0.9297395,0.0,4,0,0
17,181.43584,463.12338,-1.1186373,-0.9430702,0.0,4,0,0
18,180.32686,462.16702,-1.1089879,-0.95634604,0.0,4,0,0
19,179.22762,461.19748,-1.0992315,-0.9695669,0.0,4,0,0
20,178.13826,460.21472,-1.0893674,-0.98273265,0.0,4,0,0
21,177.05885,459.2189,-1.0793954,-0.9958431,0.0,4,0,0
22,175.98955,458.21,-1.069315,-1.0088981,0.0,4,0,0
23,174.93042,457.18808,-1.0591257,-1.0218974,0.0,4,0,0
24,173.88159,456.15326,-1.0488269,-1.034841,0.0,4,0,0
25,172.84317,455.10553,-1.0384183,-1.0477283,0.0,4,0,0
26,171.81528,454.04495,-1.0278994,-1.0605594,0.0,4,0,0
27,170.798,452.97162,-1.0172694,-1.0733337,0.0,4,0,0
28,169.79147,451.8856,-1.0065279,-1.0860513,0.0,4,0,0
29,168.7958,450.78687,-0.9956744,-1.0987118,0.0,4,0,0
30,167.8111,449.67557,-0.9847082,-1.1113148,0.0,4,0,0
31,166.83746,448.5517,-0.97362864,-1.12386,0.0,4,0,0
32,165.87503,447.41534,-0.9624352,-1.136347,0.0,4,0,0
33,164.9239,446.26657,-0.9511272,-1.1487756,0.0,4,0,0
34,163.98419,445.10544,-0.9397039,-1.1611452,0.0,4,0,0
35,163.05603,443.93198,-0.9281646,-1.1734556,0.0,4,0,0
36,162.13953,442.74628,-0.91650873,-1.1857063,0.0,4,0,0
37,161.23479,441.54837,-0.90473545,-1.1978968,0.0,4,0,0
38,160.34195,440.33835,-0.892844,-1.2100267,0.0,4,0,0
39,159.4611,439.11624,-0.88083375,-1.2220955,0.0,4,0,0
40,158.5924,437.88214,-0.8687037,-1.2341027,0.0,4,0,0
41,157.73595,436.6361,-0.85645324,-1.2460477,0.0,4,0,0
42,156.89188,435.37817,-0.84408146,-1.2579302,0.0,4,0,0
43,156.06029,434.10843,-0.83158743,-1.2697493,0.0,4,0,0
44,155.24132,432.8269,-0.81897044,-1.2815045,0.0,4,0,0
45,154.43509,431.53372,-0.80622953,-1.2931952,0.0,4,0,0
46,153.64172,430.22888,-0.7933638,-1.3048209,0.0,4,0,0
47,152.86134,428.9125,-0.7803723,-1.3163806,0.0,4,0,0
48,152.0941,427.58466,-0.7672541,-1.3278738,0.0,4,0,0
49,151.34009,426.24533,-0.7540083,-1.3392998,0.0,4,0,0
50,150.59946,424.89468,-0.7406338,-1.3506577,0.0,4,0,0
51,149.87233,423.53275,-0.7271296,-1.3619468,0.0,4,0,0
52,149.15883,422.15958,-0.7134947,-1.3731663,0.0,4,0,0
53,148.4591,420.77527,-0.69972813,-1.3843153,0.0,4,0,0
54,147.77327,419.37985,-0.68582875,-1.3953929,0.0,4,0,0
55,147.10147,417.97345,-0.67179537,-1.4063982,0.0,4,0,0
56,146.44385,416.55612,-0.65762705,-1.4173301,0.0,4,0,0
57,145.80052,415.12796,-0.6433225,-1.428188,0.0,4,0,0
58,145.17165,413.68896,-0.6288806,-1.4389704,0.0,4,0,0
59,144.55734,412.2393,-0.6143003,-1.4496768,0.0,4,0,0
60,143.95776,410.779,-0.5995802,-1.4603055,0.0,4,0,0
61,143.37305,409.30814,-0.5847192,-1.4708558,0.0,4,0,0
62,142.80333,407.8268,-0.569716,-1.4813263,0.0,4,0,0
63,142.24876,406.33508,-0.55456936,-1.491716,0.0,4,0,0
64,141.70949,404.83307,-0.5392779,-1.5020235,0.0,4,0,0
65,141.18564,403.32083,-0.5238405,-1.5122474,0.0,4,0,0
66,140.67738,401.79843,-0.5082556,-1.5223866,0.0,4,0,0
67,140.18486,400.266,-0.49252194,-1.5324395,0.0,4,0,0
68,139.70822,398.7236,-0.47663814,-1.5424048,0.0,4,0.003133616573985254,0.003133616573985254
69,139.24762,397.17133,-0.4606028,-1.5522809,0.0031336166,4,0.012358494013934851,0.015492110587920105
70,138.8032,395.60925,-0.44441444,-1.5620664,0.012358494,4,0.0216429612579484,0.037135071845868506
71,138.37514,394.03748,-0.42807162,-1.5717597,0.02164296,4,0.03098729270632683,0.06812236455219534
72,137.96356,392.45612,-0.4115729,-1.5813591,0.030987293,4,0.04039176564019986,0.1085141301923952
73,137.56865,390.86526,-0.39491677,-1.5908629,0.040391766,4,0.049856660203022374,0.15837079039541757
74,137.19055,389.26498,-0.37810168,-1.6002694,0.04985666,4,0.05938225937910091,0.21775304977451848
75,136.82942,387.65543,-0.3611261,-1.6095767,0.05938226,4,0.06896884896889754,0.286721898743416
76,136.48543,386.03662,-0.34398845,-1.6187831,0.06896885,4,0.07861671756083066,0.3653386163042467
77,136.15874,384.40875,-0.32668716,-1.6278865,0.078616716,4,0.08832615649927089,0.4536647728035176
78,135.84952,382.77185,-0.30922058,-1.636885,0.088326156,4,0.09809745984840446,0.551762232651922
79,135.55794,381.1261,-0.2915871,-1.6457766,0.09809746,4,0.10793092435160079,0.6596931570035228
80,135.28415,379.47153,-0.27378508,-1.6545591,0.10793092,4,0.1178268493858966,0.7775200063894194
81,135.02834,377.8083,-0.2558128,-1.6632303,0.11782685,4,0.127785536911165,0.9053055433005844
82,134.79066,376.1365,-0.23766854,-1.671788,0.12778553,4,0.13780729141349868,1.043112834714083
83,134.57132,374.45627,-0.21935062,-1.6802298,0.1378073,4,0.14789241984229207,1.1910052545563752
84,134.37047,372.76773,-0.20085727,-1.6885533,0.14789242,4,0.15804123154045924,1.3490464860968343
85,134.18828,371.07098,-0.18218671,-1.696756,0.15804124,4,0.16825403816715423,1.5173005242639885
86,134.02493,369.36615,-0.16333716,-1.7048354,0.16825403,4,0.17853115361231597,1.6958316778763045
87,133.88063,367.65335,-0.1443068,-1.7127888,0.17853115,4,0.18887289390226503,1.8847045717785695
88,133.75554,365.93274,-0.1250938,-1.7206134,0.18887289,4,0.19927957709551902,2.0839841488740887
89,133.64984,364.20444,-0.10569631,-1.7283065,0.19927958,4,0.20975152316787993,2.2937356720419686
90,133.56374,362.46857,-0.08611247,-1.735865,0.20975152,4,0.22028905388575948,2.514024725927728
91,133.49739,360.72528,-0.06634038,-1.7432861,0.22028905,4,0.23089249266657574,2.744917218594304
92,133.451,358.9747,-0.04637813,-1.7505666,0.2308925,4,0.2415621644249235,2.9864793830192276
93,133.42479,357.217,-0.026223795,-1.7577032,0.24156216,4,0.25229839540306087,3.238777778422288
94,133.41891,355.4523,-0.0058754417,-1.7646927,0.25229838,4,0.26310151298407936,3.5018792914063677
95,133.43358,353.6808,0.01466889,-1.7715316,0.26310152,4,0.27397184548591236,3.77585113689228
96,133.469,351.90256,0.03541117,-1.7782164,0.27397186,4,0.2849097219341026,4.060760858826383
97,133.52534,350.11783,0.056353383,-1.7847433,0.28490973,4,0.29591547181096767,4.356676330637351
98,133.60284,348.32672,0.07749752,-1.7911088,0.29591548,4,0.3069894247784881,4.663665755415838
99,133.70169,346.5294,0.09884559,-1.797309,0.30698943,4,0.3181319103718627,4.981797665787701
100,133.82208,344.72607,0.12039962,-1.8033397,0.31813192,4,0.32934325766023986,5.31114092344794
101,133.96425,342.91687,0.14216161,-1.8091968,0.32934326,4,0.340623794870622,5.651764718318562
102,134.12839,341.102,0.16413361,-1.8148762,0.3406238,4,0.3519738489703347,6.003738567288897
103,134.3147,339.28162,0.18631764,-1.8203733,0.35197386,4,0.3633937452027345,6.3671323124916315
104,134.52342,337.45593,0.20871574,-1.8256835,0.36339375,2,0.1748838065699933,6.542016119061625
105,134.75475,335.62512,0.23132996,-1.3308023,0.3748838,4,0.38351964860341725,6.925535767665042
106,135.00891,334.2894,0.2541623,-1.3357247,0.38351965,4,0.39224495160823813,7.31778071927328
107,135.28609,332.9489,0.2771734,-1.340507,0.39224496,4,0.40106054233375377,7.718841261607034
108,135.58646,331.60376,0.3003679,-1.3451468,0.40106055,4,0.4099672539972149,8.128808515604248
109,135.9102,330.25412,0.3237505,-1.3496414,0.40996724,4,0.4189659255470869,8.547774441151335
110,136.25752,328.90012,0.3473262,-1.3539882,0.41896594,4,0.4280574007737533,8.975831841925087
111,136.62863,327.54193,0.37109995,-1.3581842,0.4280574,4,0.4372425272423158,9.413074369167402
112,137.0237,326.17972,0.39507702,-1.3622264,0.43724254,4,0.44652215501760106,9.859596524185003
113,137.44296,324.8136,0.41926277,-1.3661114,0.44652215,4,0.4558971351460479,10.31549365933105
114,137.88663,323.44376,0.44366264,-1.369836,0.45589712,4,0.46536831785258437,10.780861977183635
115,138.3549,322.07037,0.4682824,-1.3733963,0.46536833,4,0.474936550402682,11.255798527586316
116,138.84804,320.69357,0.49312785,-1.3767886,0.47493654,4,0.48460267457015704,11.740401202156473
117,139.36624,319.31357,0.51820505,-1.3800088,0.48460266,4,0.49436752363957615,12.23476872579605
118,139.90976,317.9305,0.5435202,-1.3830525,0.4943675,4,0.5042319188578054,12.739000644653855
119,140.47885,316.54462,0.5690798,-1.3859153,0.5042319,4,0.5141966652316565,13.253197309885511
120,141.07373,315.156,0.5948904,-1.3885921,0.5141967,4,0.5242625465468826,13.777459856432394
121,141.69469,313.76492,0.62095886,-1.3910782,0.52426255,4,0.534430319456896,14.311890175889289
122,142.34198,312.37155,0.64729226,-1.3933679,0.5344303,4,0.5447007064560934,14.856590882345383
123,143.01588,310.9761,0.67389786,-1.3954557,0.5447007,4,0.55507438751076,15.411665269856144
124,143.71666,309.57877,0.7007832,-1.3973355,0.5550744,4,0.5655519900677815,15.977217259923925
125,144.44463,308.17978,0.7279562,-1.3990009,0.565552,4,0.5761340770946377,16.55335133701856
126,145.20004,306.77933,0.7554247,-1.4004453,0.5761341,4,0.5868211327191803,17.140172469737742
127,145.98325,305.37766,0.78319716,-1.4016616,0.58682114,4,0.5976135449288622,17.737786014666604
128,146.79453,303.97504,0.81128216,-1.4026423,0.5976136,4,0.6085115846487822,18.346297599315385
129,147.63422,302.57166,0.83968866,-1.4033793,0.60851157,4,0.6195153803358074,18.965812979651194
130,148.50264,301.1678,0.86842585,-1.4038643,0.61951536,4,0.6306248869879985,19.596437866639192
131,149.40015,299.7637,0.89750326,-1.4040884,0.6306249,4,0.6418398481550882,20.23827771479428
132,150.32707,298.35965,0.9269308,-1.4040422,0.64183986,4,0.653159749119673,20.891437463913952
133,151.2838,296.95593,0.9567186,-1.4037158,0.65315974,4,0.6645837588619501,21.556021222775904
134,152.27068,295.55283,0.9868775,-1.4030985,0.66458374,4,0.676110657669212,22.232131880445117
135,153.28809,294.15067,1.0174184,-1.4021791,0.6761107,4,0.6877387462275639,22.91987062667268
136,154.33644,292.74973,1.0483526,-1.4009458,0.6877387,4,0.6994657306257579,23.619336357298437
137,155.41614,291.3503,1.079692,-1.3993858,0.69946575,4,0.7112885757466534,24.33062493304509
138,156.52759,289.95285,1.1114488,-1.397486,0.7112886,4,0.7232033167804619,25.053828249825553
139,157.67122,288.55762,1.1436359,-1.395232,0.7232033,4,0.7352048147082814,25.789033064533836
140,158.84749,287.165,1.1762662,-1.3926088,0.7352048,1,0.547286436037624,26.33631950057146
141,160.05684,285.7754,0.7093536,-1.3896,0.74728644,4,0.7577627187820684,27.094082219353528
142,160.79976,284.38922,0.7429123,-1.386189,0.75776273,4,0.7683312930774009,27.86241351243093
143,161.57646,283.0068,0.7767174,-1.3823979,0.7683313,4,0.7789913455452665,28.641404857976195
144,162.38725,281.6286,0.81077707,-1.3782166,0.77899134,4,0.7897415223390746,29.43114638031527
145,163.23235,280.25497,0.84509957,-1.3736346,0.7897415,4,0.8005797604935504,30.23172614080882
146,164.11205,278.88632,0.8796935,-1.3686403,0.8005798,4,0.811503055952804,31.043229196761626
147,165.02661,277.5231,0.91456753,-1.3632216,0.81150305,4,0.8225071393057581,31.865736336067386
148,165.97633,276.16574,0.94973075,-1.357366,0.82250714,4,0.8335860143290255,32.699322350396415
149,166.96153,274.81467,0.98519236,-1.3510597,0.83358604,4,0.8447312881480298,33.54405363854445
150,167.9825,273.4704,1.0209618,-1.3442882,0.8447313,4,0.8559311773238145,34.399984815868265
151,169.03954,272.13336,1.0570489,-1.3370363,0.85593116,4,0.8671689967787436,35.26715381264701
152,170.13301,270.80405,1.0934635,-1.3292878,0.867169,4,0.8784208000518425,36.14557461269885
153,171.26321,269.48303,1.130216,-1.3210253,0.8784208,4,0.889651584768633,37.03522619746749
154,172.43054,268.1708,1.1673169,-1.3122305,0.8896516,4,10,47.03522619746749
