step,x,y,x_velocity,y_velocity,target_distance,action,reward,cumulative_reward
0,92.279564,219.56346,0.50457954,-1.2896259,0.0,2,-0.2,-0.2
1,92.796684,218.2787,0.5171233,-0.7847685,0.0,2,-0.2,-0.4
2,93.326324,217.49887,0.5296382,-0.27983266,0.0,4,0,-0.4
3,93.86848,217.22403,0.5421555,-0.2748359,0.0,0,-0.2,-0.6000000000000001
4,94.42319,216.95424,1.0547078,-0.2697953,0.0,2,-0.2,-0.8
5,95.49048,216.68953,1.0672965,0.2352901,0.0,0,-0.2,-1.0
6,96.57046,216.92998,1.5799718,0.2404536,0.0,3,-0.2,-1.2
7,98.16322,217.17566,1.5927689,-0.25432074,0.0,2,-0.2,-1.4
8,99.76897,216.92667,1.6057414,0.25100255,0.0,2,-0.2,-1.5999999999999999
9,101.387825,217.1831,1.6188596,0.75644517,0.0,2,-0.2,-1.7999999999999998
10,103.01999,217.9451,1.632163,1.2619923,0.0,2,-0.2,-1.9999999999999998
11,104.66568,219.21272,1.6456938,1.7676288,0.0,2,-0.2,-2.1999999999999997
12,106.32518,220.98607,1.659497,2.2733376,0.0,2,-0.2,-2.4
13,107.9988,223.26517,1.6736213,2.7791,0.0,2,-0.2,-2.6
14,109.68692,226.05006,1.6881177,3.2848935,0.0,2,-0.2,-2.8000000000000003
15,111.38996,229.34074,1.703041,3.7906923,0.0,2,-0.2,-3.0000000000000004
16,113.108406,233.1372,1.7184479,4.296464,0.0,0,-0.2,-3.2000000000000006
17,114.842804,237.43938,2.2343981,4.3021708,0.0,0,-0.2,-3.400000000000001
18,117.09376,241.74715,2.750952,4.3077636,0.0,0,-0.2,-3.600000000000001
19,119.86197,246.06041,3.268211,4.3132606,0.0,2,-0.2,-3.800000000000001
20,123.14826,250.37909,3.2862933,4.818675,0.0,2,-0.2,-4.000000000000001
21,126.4536,255.20311,3.3053398,5.324019,0.0,2,-0.2,-4.200000000000001
22,129.77905,260.53232,3.3254564,5.8292117,0.0,2,-0.2,-4.400000000000001
23,133.12581,266.36646,3.346751,6.334149,0.0,2,-0.2,-4.600000000000001
24,136.49513,272.70517,3.369329,6.8387,0.0,2,-0.2,-4.800000000000002
25,139.88843,279.54785,3.3932862,7.342699,0.0,3,-0.2,-5.000000000000002
26,143.30711,286.8938,3.4186969,6.845945,0.0,2,-0.2,-5.200000000000002
27,146.75272,293.742,3.4455976,7.348195,0.0,2,-0.2,-5.400000000000002
28,150.22667,301.09134,3.4739463,7.8493524,0.0,2,-0.2,-5.600000000000002
29,153.73036,308.9405,3.5036972,8.349135,0.0,2,-0.2,-5.8000000000000025
30,157.26508,317.28772,3.534719,8.8472395,0.0,4,0,-5.8000000000000025
31,160.83185,326.13107,3.5667713,8.843357,0.0,2,-0.2,-6.000000000000003
32,164.43134,334.9683,3.5994866,9.337214,0.0,3,-0.2,-6.200000000000003
33,168.0638,344.297,3.632457,8.828711,0.0,2,-0.2,-6.400000000000003
34,171.72891,353.11475,3.665123,9.317743,0.0,2,-0.2,-6.600000000000003
35,175.42603,362.41925,3.697116,9.804495,0.0,2,-0.2,-6.800000000000003
36,179.15388,372.20834,3.7278507,10.289095,0.0,4,0,-6.800000000000003
37,182.91064,382.48016,3.756761,10.27182,0.0,2,-0.2,-7.0000000000000036
38,186.694,392.73325,3.783361,10.753083,0.0,3,-0.2,-7.200000000000004
39,190.50146,403.4666,3.8074539,10.233364,0.0,2,-0.2,-7.400000000000004
40,194.33029,413.67978,3.828829,10.713167,0.0,1,-0.2,-7.600000000000004
41,198.17798,424.37265,3.3476927,10.692873,0.0,3,-0.2,-7.800000000000004
42,201.54204,435.04553,3.364057,10.172885,0.0,1,-0.2,-8.000000000000004
43,204.92017,445.19913,2.8781343,10.153576,0.0,2,-0.2,-8.200000000000003
44,207.81044,455.33417,2.8902724,10.63504,0.0,2,-0.2,-8.400000000000002
45,210.71115,465.9516,2.9007125,11.117449,0.0,2,-0.2,-8.600000000000001
46,213.62077,477.0525,2.9096174,11.600898,0.0,4,0,-8.600000000000001
47,216.53793,488.63794,2.9171581,11.585442,0.0,0,-0.2,-8.8
48,219.46144,500.20905,3.4235048,11.571097,0.0,4,0,-8.8
49,222.89029,511.76685,3.4288535,11.557801,0.0,1,-0.2,-9.0
50,226.32364,523.3123,2.9333496,11.545454,0.0,2,-0.2,-9.2
51,229.26077,534.8463,2.9371312,12.033992,0.0,0,-0.2,-9.399999999999999
52,232.20111,546.8696,3.4403312,12.023368,0.0,2,-0.2,-9.599999999999998
53,235.64413,558.8832,3.443028,12.513549,0.0,2,-0.2,-9.799999999999997
54,239.08942,571.38763,3.4452906,13.004446,0.0,2,-0.2,-9.999999999999996
55,242.5366,584.38367,3.44718,13.496029,0.0,2,-0.2,-10.199999999999996
56,245.98535,597.87195,3.4487505,13.988256,0.0,2,-0.2,-10.399999999999995
57,249.43541,611.853,3.4500499,14.481091,0.0,0,-0.2,-10.599999999999994
58,252.88652,626.3275,3.9511201,14.47449,0.0,3,-0.2,-10.799999999999994
59,256.83853,640.79596,3.9519975,13.968413,0.0,2,-0.2,-10.999999999999993
60,260.79123,654.7587,3.952708,14.462802,0.0,2,-0.2,-11.199999999999992
61,264.7445,669.2163,3.9532835,14.957595,0.0,2,-0.2,-11.399999999999991
62,268.69824,684.16907,3.953745,15.4527645,0.0,2,-0.2,-11.59999999999999
63,272.65237,699.6174,3.9541097,15.948287,0.0,2,-0.2,-11.79999999999999
64,276.60675,715.5615,3.9543936,16.444138,0.0,3,-0.2,-11.99999999999999
65,280.56137,732.00183,3.95461,15.94029,0.0,2,-0.2,-12.199999999999989
66,284.51614,747.93854,3.9547706,16.436726,0.0,2,-0.2,-12.399999999999988
67,288.47104,764.37195,3.9548855,16.933405,0.0,2,-0.2,-12.599999999999987
68,292.426,781.30225,3.9549623,17.430313,0.0,3,-0.2,-12.799999999999986
69,296.38098,798.7297,3.9550076,16.927433,0.0,2,-10,-22.799999999999986
