step,x,y,x_velocity,y_velocity,target_distance,action,reward,cumulative_reward
0,116.907295,245.33165,0.4340826,-1.4308153,0.34781557,2,0.1558755417950139,0.1558755417950139
1,117.358894,243.90607,0.4515984,-0.92558545,0.35587555,4,0.3620097953163278,0.5178853371113417
2,117.82797,242.98584,0.4690762,-0.9202175,0.3620098,2,0.16820217447266056,0.6860875115840022
3,118.31453,242.07109,0.48655725,-0.41474652,0.36820218,2,0.17252208003472375,0.858609591618726
4,118.81857,241.66193,0.50404334,0.09082878,0.3725221,2,0.17497292688300276,1.0335825185017287
5,119.34015,241.75839,0.5215787,0.59647495,0.37497294,2,0.17552070351230448,1.2091032220140332
6,119.87936,242.36057,0.53920937,1.1021588,0.3755207,4,0.3740942621057304,1.5831974841197636
7,120.43634,243.4684,0.55698264,1.1078463,0.37409425,2,0.1726337554569432,1.7558312395767068
8,121.01129,244.58191,0.5749466,1.6135018,0.37263376,2,0.16905611298564077,1.9248873525623476
9,121.60439,246.20103,0.5931067,2.1191244,0.3690561,2,0.16322489019477354,2.0881122427571213
10,122.215904,248.3257,0.6115115,2.6246748,0.3632249,3,0.1549787991351223,2.2430910418922436
11,122.846115,250.95581,0.6302091,2.1301095,0.3549788,2,0.14866920506789955,2.391760246960143
12,123.49536,253.0912,0.6492459,2.6353798,0.3486692,2,0.13984251461084335,2.5316027615709866
13,124.16395,255.73172,0.6685849,3.1405194,0.33984253,2,0.12833308864936627,2.6599358502203527
14,124.85222,258.8772,0.68827075,3.6454754,0.32833308,3,0.11396754345083909,2.773903393671192
15,125.56056,262.52737,0.70834494,3.1501887,0.31396756,2,0.10159540964219876,2.875498803313391
16,126.289406,265.68198,0.7288436,3.654592,0.30159542,0,0.08628976808737238,2.961788571400763
17,127.03913,269.3407,1.2497275,3.6587179,0.28628978,3,0.07257802348677805,3.034366594887541
18,128.31017,273.00317,1.2710263,3.1624935,0.27257803,2,0.06097155442245378,3.0953381493099945
19,129.60301,276.1691,1.2928537,3.6659255,0.26097155,2,0.04618500620205518,3.1415231555120497
20,130.9182,279.83817,1.3151823,4.1690483,0.246185,2,0.028081327074264084,3.1696044825863137
21,132.25624,284.00992,1.338039,4.671774,0.22808133,2,0.0065346980045997705,3.1761391805909134
22,133.61768,288.68393,1.3614392,5.1740046,0.2065347,4,0.18143471455673932,3.357573895147653
23,135.00305,293.85956,1.3853824,5.175633,0.18143472,2,-0.04435980631432018,3.3132140888333326
24,136.4129,299.0361,1.4098479,5.676543,0.1556402,2,-0.07378054113778959,3.239433547695543
25,137.84769,304.7128,1.434787,6.17669,0.12621945,2,-0.10689075708242307,3.1325427906131202
26,139.30783,310.88876,1.4601388,6.6759534,0.09310924,2,-0.14373600572513828,2.988806784887982
27,140.79364,317.56296,1.4858091,7.174214,0.056263994,2,-0.18434510900290052,2.8044616758850816
28,142.30531,324.73434,1.5116676,7.6713614,0.015654892,2,-0.2,2.6044616758850814
29,143.84285,332.40164,1.537546,8.167302,0.0,2,-0.2,2.404461675885081
30,145.4061,340.5636,1.5632393,8.661971,0.0,2,-0.2,2.204461675885081
31,146.9946,349.21893,1.5885117,9.15534,0.0,2,-0.2,2.004461675885081
32,148.60771,358.36636,1.6131066,9.6474285,0.0,2,-0.2,1.8044616758850809
33,150.24448,368.00467,1.6367618,10.138309,0.0,1,-0.2,1.604461675885081
34,151.9037,378.13278,1.1592267,10.128107,0.0,2,-0.2,1.404461675885081
35,153.08398,388.2498,1.1802812,10.617,0.0,3,-0.2,1.204461675885081
36,154.28374,398.85507,1.1997601,10.105299,0.0,0,-0.2,1.004461675885081
37,155.50131,408.9483,1.7175738,10.093214,0.0,1,-0.2,0.8044616758850811
38,157.23515,419.02924,1.2338464,10.080944,0.0,2,-0.2,0.6044616758850812
39,158.48384,429.0978,1.2486838,10.568574,0.0,2,-0.2,0.40446167588508114
40,159.74597,439.65414,1.2621218,11.056315,0.0,2,-0.2,0.20446167588508113
41,161.02016,450.69843,1.2741948,11.544293,0.0,0,-0.2,0.004461675885081118
42,162.30511,462.23105,1.7849617,11.532619,0.0,3,-0.2,-0.1955383241149189
43,164.09962,473.7524,1.7945002,11.02138,0.0,2,-0.2,-0.3955383241149189
44,165.90257,484.763,1.8029507,11.510576,0.0,2,-0.2,-0.5955383241149189
45,167.71304,496.2632,1.8104725,12.000213,0.0,4,0,-0.5955383241149189
46,169.53018,508.25354,1.8171316,11.990334,0.0,2,-0.2,-0.795538324114919
47,171.35318,520.2345,1.8229991,12.4809675,0.0,1,-0.2,-0.9955383241149189
48,173.18135,532.7066,1.328174,12.472109,0.0,2,-0.2,-1.195538324114919
49,174.51407,545.1704,1.3327212,12.963764,0.0,2,-0.2,-1.3955383241149188
50,175.8508,558.12634,1.3367301,13.455933,0.0,2,-0.2,-1.5955383241149188
51,177.19106,571.57495,1.3402562,13.948601,0.0,2,-0.2,-1.7955383241149188
52,178.53441,585.51666,1.3433518,14.441755,0.0,2,-0.2,-1.9955383241149187
53,179.88048,599.952,1.3460658,14.935376,0.0,1,-0.2,-2.195538324114919
54,181.22891,614.8815,0.8484425,14.929441,0.0,1,-0.2,-2.395538324114919
55,182.07944,629.8054,0.35052225,14.923927,0.0,2,-0.2,-2.5955383241149192
56,182.4318,644.72424,0.35235393,15.418804,0.0,1,-0.2,-2.7955383241149194
57,182.78577,660.13824,-0.14602202,15.414042,0.0,3,-0.2,-2.9955383241149196
58,182.64119,675.5479,-0.14458194,14.909617,0.0,2,-0.2,-3.19553832411492
59,182.4979,690.45337,-0.14329599,15.405503,0.0,2,-0.2,-3.39553832411492
60,182.35576,705.85504,-0.14213917,15.901659,0.0,2,-0.2,-3.59553832411492
61,182.21466,721.7531,-0.14109851,16.39807,0.0,4,0,-3.59553832411492
62,182.0745,738.1478,-0.14016226,16.394716,0.0,2,-0.2,-3.7955383241149203
63,181.93518,754.5394,-0.13931972,16.891586,0.0,2,-0.2,-3.9955383241149205
64,181.79662,771.4281,-0.13855891,17.388657,0.0,2,-0.2,-4.195538324114921
65,181.65874,788.81396,-0.13787173,17.885916,0.0,0,-10,-14.19553832411492
